CpG context
===========
position	count methylated	count unmethylated	% methylation	coverage
1	18	35	33.96	53
2	4	45	8.16	49
3	10	28	26.32	38
4	10	36	21.74	46
5	6	31	16.22	37
6	6	24	20.00	30
7	6	27	18.18	33
8	5	17	22.73	22
9	1	18	5.26	19
10	2	14	12.50	16
11	2	14	12.50	16
12	1	13	7.14	14
13	3	19	13.64	22
14	3	8	27.27	11
15	1	10	9.09	11
16	0	12	0.00	12
17	5	8	38.46	13
18	1	10	9.09	11
19	2	8	20.00	10
20	0	8	0.00	8
21	1	8	11.11	9
22	2	10	16.67	12
23	1	12	7.69	13
24	1	4	20.00	5
25	2	6	25.00	8
26	2	13	13.33	15
27	0	5	0.00	5
28	2	11	15.38	13
29	2	9	18.18	11
30	0	6	0.00	6
31	0	15	0.00	15
32	1	6	14.29	7
33	0	2	0.00	2
34	0	9	0.00	9
35	0	3	0.00	3
36	1	6	14.29	7
37	0	6	0.00	6
38	1	0	100.00	1
39	1	3	25.00	4
40	0	6	0.00	6
41	0	3	0.00	3
42	1	1	50.00	2
43	0	4	0.00	4
44	1	7	12.50	8
45	0	9	0.00	9
46	0	7	0.00	7
47	0	11	0.00	11
48	0	7	0.00	7
49	1	6	14.29	7
50	0	1	0.00	1
51	1	6	14.29	7
52	0	5	0.00	5
53	1	5	16.67	6
54	1	3	25.00	4
55	0	2	0.00	2
56	0	3	0.00	3
57	0	1	0.00	1
58	0	2	0.00	2
59	1	0	100.00	1
60	3	3	50.00	6
61	0	2	0.00	2
62	1	2	33.33	3
63	1	4	20.00	5
64	1	0	100.00	1
65	0	3	0.00	3
66	0	3	0.00	3
67	0	1	0.00	1
68	0	2	0.00	2
69	0	3	0.00	3
70	0	2	0.00	2
71	0	0		0
72	0	0		0
73	0	0		0
74	0	0		0
75	0	0		0
76	0	0		0
77	0	0		0

CHG context
===========
position	count methylated	count unmethylated	% methylation	coverage
1	12	54	18.18	66
2	20	49	28.99	69
3	9	71	11.25	80
4	4	51	7.27	55
5	9	34	20.93	43
6	6	28	17.65	34
7	0	22	0.00	22
8	4	31	11.43	35
9	2	24	7.69	26
10	3	17	15.00	20
11	1	29	3.33	30
12	5	27	15.62	32
13	0	21	0.00	21
14	2	16	11.11	18
15	1	14	6.67	15
16	0	15	0.00	15
17	1	16	5.88	17
18	1	19	5.00	20
19	0	15	0.00	15
20	0	15	0.00	15
21	0	10	0.00	10
22	0	19	0.00	19
23	0	14	0.00	14
24	0	14	0.00	14
25	0	10	0.00	10
26	0	16	0.00	16
27	0	18	0.00	18
28	0	13	0.00	13
29	0	12	0.00	12
30	0	12	0.00	12
31	0	11	0.00	11
32	0	11	0.00	11
33	0	14	0.00	14
34	0	11	0.00	11
35	0	16	0.00	16
36	0	9	0.00	9
37	0	7	0.00	7
38	1	12	7.69	13
39	1	10	9.09	11
40	0	9	0.00	9
41	0	13	0.00	13
42	0	9	0.00	9
43	0	13	0.00	13
44	0	8	0.00	8
45	1	4	20.00	5
46	0	7	0.00	7
47	0	10	0.00	10
48	0	10	0.00	10
49	0	9	0.00	9
50	0	8	0.00	8
51	0	5	0.00	5
52	0	5	0.00	5
53	0	9	0.00	9
54	0	7	0.00	7
55	0	2	0.00	2
56	0	2	0.00	2
57	0	8	0.00	8
58	0	5	0.00	5
59	0	7	0.00	7
60	0	3	0.00	3
61	0	5	0.00	5
62	0	4	0.00	4
63	0	2	0.00	2
64	0	2	0.00	2
65	0	1	0.00	1
66	0	3	0.00	3
67	0	2	0.00	2
68	0	1	0.00	1
69	0	2	0.00	2
70	0	2	0.00	2
71	0	1	0.00	1
72	0	0		0
73	0	1	0.00	1
74	0	1	0.00	1
75	0	0		0
76	0	0		0
77	0	0		0

CHH context
===========
position	count methylated	count unmethylated	% methylation	coverage
1	99	159	38.37	258
2	80	155	34.04	235
3	78	160	32.77	238
4	89	186	32.36	275
5	83	166	33.33	249
6	76	158	32.48	234
7	73	143	33.80	216
8	59	118	33.33	177
9	39	128	23.35	167
10	49	92	34.75	141
11	46	75	38.02	121
12	33	74	30.84	107
13	19	61	23.75	80
14	15	61	19.74	76
15	4	53	7.02	57
16	5	41	10.87	46
17	9	41	18.00	50
18	4	37	9.76	41
19	2	42	4.55	44
20	2	38	5.00	40
21	1	42	2.33	43
22	1	25	3.85	26
23	0	32	0.00	32
24	0	23	0.00	23
25	1	37	2.63	38
26	2	33	5.71	35
27	1	24	4.00	25
28	2	22	8.33	24
29	0	32	0.00	32
30	0	38	0.00	38
31	0	32	0.00	32
32	0	34	0.00	34
33	0	29	0.00	29
34	0	30	0.00	30
35	0	22	0.00	22
36	0	21	0.00	21
37	0	24	0.00	24
38	0	34	0.00	34
39	0	22	0.00	22
40	0	23	0.00	23
41	0	15	0.00	15
42	0	12	0.00	12
43	0	22	0.00	22
44	0	18	0.00	18
45	0	18	0.00	18
46	0	14	0.00	14
47	0	17	0.00	17
48	0	15	0.00	15
49	0	20	0.00	20
50	0	16	0.00	16
51	0	14	0.00	14
52	0	5	0.00	5
53	0	13	0.00	13
54	0	8	0.00	8
55	0	12	0.00	12
56	0	10	0.00	10
57	0	4	0.00	4
58	0	6	0.00	6
59	0	7	0.00	7
60	0	9	0.00	9
61	0	5	0.00	5
62	0	7	0.00	7
63	0	8	0.00	8
64	0	7	0.00	7
65	0	7	0.00	7
66	0	5	0.00	5
67	0	6	0.00	6
68	0	5	0.00	5
69	0	1	0.00	1
70	0	1	0.00	1
71	0	1	0.00	1
72	0	3	0.00	3
73	0	3	0.00	3
74	0	0		0
75	0	0		0
76	0	0		0
77	0	1	0.00	1

