CpG context
===========
position	count methylated	count unmethylated	% methylation	coverage
1	7	25	21.88	32
2	3	32	8.57	35
3	2	15	11.76	17
4	7	32	17.95	39
5	4	27	12.90	31
6	2	17	10.53	19
7	3	24	11.11	27
8	2	14	12.50	16
9	0	11	0.00	11
10	0	12	0.00	12
11	1	14	6.67	15
12	0	3	0.00	3
13	2	8	20.00	10
14	1	12	7.69	13
15	0	9	0.00	9
16	1	7	12.50	8
17	2	9	18.18	11
18	3	8	27.27	11
19	0	10	0.00	10
20	0	6	0.00	6
21	1	6	14.29	7
22	1	17	5.56	18
23	0	6	0.00	6
24	0	10	0.00	10
25	0	7	0.00	7
26	1	5	16.67	6
27	0	8	0.00	8
28	0	10	0.00	10
29	1	10	9.09	11
30	0	9	0.00	9
31	0	6	0.00	6
32	0	3	0.00	3
33	0	5	0.00	5
34	0	8	0.00	8
35	0	8	0.00	8
36	0	7	0.00	7
37	1	11	8.33	12
38	2	4	33.33	6
39	2	8	20.00	10
40	0	3	0.00	3
41	1	5	16.67	6
42	0	8	0.00	8
43	0	6	0.00	6
44	0	2	0.00	2
45	0	5	0.00	5
46	0	9	0.00	9
47	0	7	0.00	7
48	0	5	0.00	5
49	0	3	0.00	3
50	0	4	0.00	4
51	0	4	0.00	4
52	0	12	0.00	12
53	0	4	0.00	4
54	0	3	0.00	3
55	0	4	0.00	4
56	0	2	0.00	2
57	0	1	0.00	1
58	0	3	0.00	3
59	0	2	0.00	2
60	0	4	0.00	4
61	0	5	0.00	5
62	0	2	0.00	2
63	0	0		0
64	0	1	0.00	1
65	0	3	0.00	3
66	0	2	0.00	2
67	0	1	0.00	1
68	0	5	0.00	5
69	0	1	0.00	1
70	0	3	0.00	3
71	0	0		0
72	0	1	0.00	1
73	0	1	0.00	1
74	0	2	0.00	2
75	0	0		0
76	0	1	0.00	1
77	0	0		0

CHG context
===========
position	count methylated	count unmethylated	% methylation	coverage
1	15	34	30.61	49
2	13	24	35.14	37
3	6	38	13.64	44
4	3	33	8.33	36
5	4	34	10.53	38
6	5	29	14.71	34
7	6	25	19.35	31
8	3	24	11.11	27
9	2	26	7.14	28
10	3	21	12.50	24
11	1	20	4.76	21
12	1	16	5.88	17
13	1	14	6.67	15
14	0	15	0.00	15
15	1	15	6.25	16
16	1	10	9.09	11
17	3	6	33.33	9
18	0	14	0.00	14
19	0	19	0.00	19
20	1	10	9.09	11
21	0	9	0.00	9
22	0	8	0.00	8
23	0	16	0.00	16
24	0	12	0.00	12
25	0	17	0.00	17
26	0	16	0.00	16
27	0	9	0.00	9
28	0	10	0.00	10
29	0	9	0.00	9
30	0	9	0.00	9
31	0	9	0.00	9
32	0	7	0.00	7
33	0	18	0.00	18
34	0	5	0.00	5
35	0	12	0.00	12
36	0	7	0.00	7
37	0	8	0.00	8
38	0	8	0.00	8
39	0	7	0.00	7
40	0	8	0.00	8
41	0	9	0.00	9
42	0	8	0.00	8
43	0	11	0.00	11
44	0	8	0.00	8
45	0	9	0.00	9
46	0	9	0.00	9
47	0	5	0.00	5
48	0	10	0.00	10
49	0	2	0.00	2
50	0	4	0.00	4
51	0	8	0.00	8
52	0	3	0.00	3
53	0	2	0.00	2
54	0	5	0.00	5
55	0	3	0.00	3
56	0	6	0.00	6
57	0	4	0.00	4
58	0	2	0.00	2
59	0	5	0.00	5
60	0	4	0.00	4
61	0	1	0.00	1
62	0	5	0.00	5
63	0	5	0.00	5
64	0	0		0
65	0	6	0.00	6
66	0	3	0.00	3
67	0	2	0.00	2
68	0	2	0.00	2
69	0	1	0.00	1
70	0	4	0.00	4
71	0	0		0
72	0	1	0.00	1
73	0	0		0
74	0	0		0
75	0	1	0.00	1
76	0	0		0
77	0	1	0.00	1

CHH context
===========
position	count methylated	count unmethylated	% methylation	coverage
1	80	125	39.02	205
2	75	95	44.12	170
3	72	126	36.36	198
4	67	124	35.08	191
5	64	111	36.57	175
6	60	106	36.14	166
7	50	95	34.48	145
8	51	94	35.17	145
9	32	79	28.83	111
10	38	67	36.19	105
11	27	59	31.40	86
12	26	54	32.50	80
13	18	41	30.51	59
14	15	43	25.86	58
15	11	39	22.00	50
16	8	36	18.18	44
17	7	39	15.22	46
18	3	26	10.34	29
19	2	33	5.71	35
20	5	25	16.67	30
21	2	30	6.25	32
22	1	26	3.70	27
23	1	30	3.23	31
24	0	31	0.00	31
25	0	25	0.00	25
26	1	25	3.85	26
27	2	20	9.09	22
28	2	20	9.09	22
29	0	26	0.00	26
30	1	31	3.12	32
31	0	25	0.00	25
32	0	33	0.00	33
33	0	17	0.00	17
34	0	25	0.00	25
35	0	22	0.00	22
36	1	19	5.00	20
37	0	11	0.00	11
38	0	7	0.00	7
39	0	13	0.00	13
40	0	20	0.00	20
41	0	14	0.00	14
42	0	12	0.00	12
43	0	15	0.00	15
44	0	13	0.00	13
45	0	18	0.00	18
46	0	15	0.00	15
47	0	10	0.00	10
48	0	12	0.00	12
49	1	14	6.67	15
50	0	14	0.00	14
51	0	8	0.00	8
52	1	7	12.50	8
53	0	9	0.00	9
54	0	8	0.00	8
55	0	14	0.00	14
56	0	9	0.00	9
57	0	9	0.00	9
58	0	12	0.00	12
59	0	14	0.00	14
60	0	5	0.00	5
61	0	4	0.00	4
62	0	9	0.00	9
63	0	9	0.00	9
64	0	7	0.00	7
65	0	4	0.00	4
66	0	4	0.00	4
67	0	2	0.00	2
68	0	1	0.00	1
69	0	2	0.00	2
70	0	1	0.00	1
71	0	2	0.00	2
72	0	2	0.00	2
73	0	0		0
74	0	1	0.00	1
75	0	0		0
76	0	0		0
77	0	0		0

