CpG context
===========
position	count methylated	count unmethylated	% methylation	coverage
1	1516	8519	15.11	10035
2	844	8352	9.18	9196
3	1207	8914	11.93	10121
4	1035	9442	9.88	10477
5	1168	10855	9.71	12023
6	1167	9417	11.03	10584
7	1180	9847	10.70	11027
8	1183	8785	11.87	9968
9	1130	9932	10.22	11062
10	1047	8986	10.44	10033
11	1077	9434	10.25	10511
12	1150	8676	11.70	9826
13	938	9477	9.01	10415
14	970	8840	9.89	9810
15	887	9324	8.69	10211
16	967	8905	9.80	9872
17	905	9325	8.85	10230
18	923	8778	9.51	9701
19	878	9158	8.75	10036
20	891	8834	9.16	9725
21	859	9014	8.70	9873
22	903	8860	9.25	9763
23	801	8797	8.35	9598
24	808	8662	8.53	9470
25	761	8600	8.13	9361
26	789	8622	8.38	9411
27	776	8605	8.27	9381
28	782	8758	8.20	9540
29	685	8384	7.55	9069
30	753	8594	8.06	9347
31	679	7980	7.84	8659
32	704	8402	7.73	9106
33	626	8030	7.23	8656
34	661	8451	7.25	9112
35	560	7805	6.69	8365
36	583	8233	6.61	8816
37	565	7598	6.92	8163
38	519	8196	5.96	8715
39	503	7562	6.24	8065
40	540	8133	6.23	8673
41	496	7377	6.30	7873
42	509	7919	6.04	8428
43	484	7144	6.35	7628
44	499	7945	5.91	8444
45	462	6943	6.24	7405
46	482	7927	5.73	8409
47	430	6722	6.01	7152
48	417	7646	5.17	8063
49	399	6577	5.72	6976
50	432	7392	5.52	7824
51	423	6395	6.20	6818
52	413	7099	5.50	7512
53	398	6100	6.12	6498
54	422	6828	5.82	7250
55	387	5848	6.21	6235
56	427	6538	6.13	6965
57	341	5618	5.72	5959
58	416	6485	6.03	6901
59	327	5301	5.81	5628
60	360	6021	5.64	6381
61	336	4915	6.40	5251
62	352	5774	5.75	6126
63	334	4709	6.62	5043
64	357	5453	6.14	5810
65	305	4605	6.21	4910
66	333	5240	5.98	5573
67	286	4154	6.44	4440
68	331	4935	6.29	5266
69	273	3962	6.45	4235
70	289	4677	5.82	4966
71	305	3619	7.77	3924
72	327	4223	7.19	4550
73	301	3253	8.47	3554
74	280	3941	6.63	4221
75	253	3225	7.27	3478
76	289	3807	7.06	4096
77	260	2999	7.98	3259
78	269	3545	7.05	3814
79	255	2846	8.22	3101
80	276	3289	7.74	3565
81	254	2577	8.97	2831
82	252	3179	7.34	3431
83	233	2537	8.41	2770
84	239	2924	7.56	3163
85	208	2279	8.36	2487
86	256	2777	8.44	3033
87	238	2147	9.98	2385
88	239	2650	8.27	2889
89	212	2001	9.58	2213
90	201	2301	8.03	2502
91	197	1818	9.78	2015
92	212	2134	9.04	2346
93	220	1694	11.49	1914
94	213	2033	9.48	2246
95	210	1595	11.63	1805
96	197	1932	9.25	2129
97	200	1426	12.30	1626
98	200	1753	10.24	1953
99	200	1414	12.39	1614
100	211	1596	11.68	1807
101	181	1339	11.91	1520
102	221	1483	12.97	1704
103	206	1183	14.83	1389
104	202	1381	12.76	1583
105	161	1173	12.07	1334
106	198	1333	12.93	1531
107	165	1128	12.76	1293
108	188	1181	13.73	1369
109	188	1039	15.32	1227
110	162	1078	13.06	1240
111	155	1012	13.28	1167
112	193	1061	15.39	1254
113	157	964	14.01	1121
114	199	1049	15.95	1248
115	193	956	16.80	1149
116	183	1073	14.57	1256
117	165	881	15.77	1046
118	173	997	14.79	1170
119	162	947	14.61	1109
120	188	935	16.74	1123
121	185	916	16.80	1101
122	154	897	14.65	1051
123	201	823	19.63	1024
124	181	878	17.09	1059
125	169	962	14.94	1131
126	167	869	16.12	1036
127	163	885	15.55	1048
128	183	834	17.99	1017
129	183	810	18.43	993
130	170	830	17.00	1000
131	177	851	17.22	1028
132	190	879	17.77	1069
133	206	866	19.22	1072
134	180	856	17.37	1036
135	173	854	16.85	1027
136	223	843	20.92	1066
137	169	894	15.90	1063
138	192	877	17.96	1069
139	176	860	16.99	1036
140	197	841	18.98	1038
141	175	855	16.99	1030
142	177	872	16.87	1049
143	186	834	18.24	1020
144	169	845	16.67	1014
145	181	818	18.12	999
146	180	839	17.66	1019
147	189	820	18.73	1009
148	201	789	20.30	990
149	178	804	18.13	982
150	245	764	24.28	1009
151	191	723	20.90	914

CHG context
===========
position	count methylated	count unmethylated	% methylation	coverage
1	311	8849	3.40	9160
2	647	5915	9.86	6562
3	926	7671	10.77	8597
4	473	6941	6.38	7414
5	285	9070	3.05	9355
6	218	9314	2.29	9532
7	150	7450	1.97	7600
8	125	6590	1.86	6715
9	121	6889	1.73	7010
10	91	6276	1.43	6367
11	131	6957	1.85	7088
12	89	5989	1.46	6078
13	86	6091	1.39	6177
14	73	6161	1.17	6234
15	88	6259	1.39	6347
16	96	6220	1.52	6316
17	83	6137	1.33	6220
18	72	5960	1.19	6032
19	74	5983	1.22	6057
20	80	5916	1.33	5996
21	67	5971	1.11	6038
22	94	5962	1.55	6056
23	96	5975	1.58	6071
24	87	5828	1.47	5915
25	90	5573	1.59	5663
26	94	5805	1.59	5899
27	92	5706	1.59	5798
28	79	5659	1.38	5738
29	90	5528	1.60	5618
30	84	5520	1.50	5604
31	104	5537	1.84	5641
32	92	5170	1.75	5262
33	79	5401	1.44	5480
34	89	5260	1.66	5349
35	99	5224	1.86	5323
36	85	4975	1.68	5060
37	107	4987	2.10	5094
38	76	4963	1.51	5039
39	104	5172	1.97	5276
40	91	4893	1.83	4984
41	96	4860	1.94	4956
42	101	4767	2.07	4868
43	109	4762	2.24	4871
44	87	4684	1.82	4771
45	128	4677	2.66	4805
46	106	4690	2.21	4796
47	114	4853	2.30	4967
48	104	4544	2.24	4648
49	139	4517	2.99	4656
50	94	4567	2.02	4661
51	107	4478	2.33	4585
52	100	4587	2.13	4687
53	126	4504	2.72	4630
54	98	4401	2.18	4499
55	115	4503	2.49	4618
56	86	4244	1.99	4330
57	109	4447	2.39	4556
58	104	4285	2.37	4389
59	117	4466	2.55	4583
60	107	4271	2.44	4378
61	114	4301	2.58	4415
62	92	4124	2.18	4216
63	111	4254	2.54	4365
64	103	4178	2.41	4281
65	81	4105	1.94	4186
66	70	4026	1.71	4096
67	93	4217	2.16	4310
68	71	4045	1.72	4116
69	121	4071	2.89	4192
70	75	3891	1.89	3966
71	87	4037	2.11	4124
72	61	3899	1.54	3960
73	78	3903	1.96	3981
74	64	3843	1.64	3907
75	70	3902	1.76	3972
76	57	3842	1.46	3899
77	48	3812	1.24	3860
78	44	3651	1.19	3695
79	72	3697	1.91	3769
80	45	3695	1.20	3740
81	66	3760	1.73	3826
82	44	3673	1.18	3717
83	81	3624	2.19	3705
84	30	3561	0.84	3591
85	64	3654	1.72	3718
86	30	3560	0.84	3590
87	50	3582	1.38	3632
88	30	3515	0.85	3545
89	49	3551	1.36	3600
90	23	3522	0.65	3545
91	48	3483	1.36	3531
92	31	3359	0.91	3390
93	38	3463	1.09	3501
94	32	3395	0.93	3427
95	41	3475	1.17	3516
96	24	3268	0.73	3292
97	25	3299	0.75	3324
98	31	3294	0.93	3325
99	35	3281	1.06	3316
100	18	3239	0.55	3257
101	33	3236	1.01	3269
102	20	3221	0.62	3241
103	19	3289	0.57	3308
104	18	3111	0.58	3129
105	16	3182	0.50	3198
106	14	3249	0.43	3263
107	22	3279	0.67	3301
108	16	3190	0.50	3206
109	21	3004	0.69	3025
110	19	3183	0.59	3202
111	17	3190	0.53	3207
112	7	3165	0.22	3172
113	26	3126	0.82	3152
114	13	3124	0.41	3137
115	15	3187	0.47	3202
116	25	3059	0.81	3084
117	17	3136	0.54	3153
118	20	3080	0.65	3100
119	22	3114	0.70	3136
120	18	3051	0.59	3069
121	16	3092	0.51	3108
122	10	2981	0.33	2991
123	21	3034	0.69	3055
124	21	3056	0.68	3077
125	12	3063	0.39	3075
126	9	3003	0.30	3012
127	14	3085	0.45	3099
128	12	3043	0.39	3055
129	12	3031	0.39	3043
130	8	3020	0.26	3028
131	15	2979	0.50	2994
132	16	2962	0.54	2978
133	24	2972	0.80	2996
134	11	3020	0.36	3031
135	17	3104	0.54	3121
136	6	3119	0.19	3125
137	13	2956	0.44	2969
138	17	2982	0.57	2999
139	12	3021	0.40	3033
140	15	2996	0.50	3011
141	17	2943	0.57	2960
142	13	3039	0.43	3052
143	11	3021	0.36	3032
144	18	2845	0.63	2863
145	16	2920	0.54	2936
146	47	2846	1.62	2893
147	56	2966	1.85	3022
148	77	2931	2.56	3008
149	120	2904	3.97	3024
150	106	2708	3.77	2814
151	220	2624	7.74	2844

CHH context
===========
position	count methylated	count unmethylated	% methylation	coverage
1	656	22653	2.81	23309
2	1153	17371	6.22	18524
3	670	13916	4.59	14586
4	929	14120	6.17	15049
5	885	14855	5.62	15740
6	938	15699	5.64	16637
7	812	15864	4.87	16676
8	731	16091	4.35	16822
9	573	15438	3.58	16011
10	490	14153	3.35	14643
11	418	15807	2.58	16225
12	397	15908	2.43	16305
13	324	15054	2.11	15378
14	295	15140	1.91	15435
15	235	15071	1.54	15306
16	279	15023	1.82	15302
17	215	14864	1.43	15079
18	248	14682	1.66	14930
19	191	14720	1.28	14911
20	238	14786	1.58	15024
21	206	14761	1.38	14967
22	207	14551	1.40	14758
23	199	14609	1.34	14808
24	212	14378	1.45	14590
25	204	14061	1.43	14265
26	184	14056	1.29	14240
27	184	14281	1.27	14465
28	198	14279	1.37	14477
29	182	14258	1.26	14440
30	193	14121	1.35	14314
31	191	13933	1.35	14124
32	178	13900	1.26	14078
33	209	13939	1.48	14148
34	201	13926	1.42	14127
35	209	13893	1.48	14102
36	187	13558	1.36	13745
37	176	13610	1.28	13786
38	199	13590	1.44	13789
39	216	13563	1.57	13779
40	164	13586	1.19	13750
41	179	13602	1.30	13781
42	172	13273	1.28	13445
43	186	13331	1.38	13517
44	170	13374	1.26	13544
45	194	13391	1.43	13585
46	192	13217	1.43	13409
47	188	13333	1.39	13521
48	158	13056	1.20	13214
49	181	13098	1.36	13279
50	172	12889	1.32	13061
51	189	13055	1.43	13244
52	188	12831	1.44	13019
53	199	13014	1.51	13213
54	197	12839	1.51	13036
55	194	12823	1.49	13017
56	194	12769	1.50	12963
57	196	12872	1.50	13068
58	169	12831	1.30	13000
59	169	12655	1.32	12824
60	186	12434	1.47	12620
61	184	12273	1.48	12457
62	156	12486	1.23	12642
63	173	12331	1.38	12504
64	148	12191	1.20	12339
65	150	12159	1.22	12309
66	148	12139	1.20	12287
67	150	12150	1.22	12300
68	144	11791	1.21	11935
69	123	11934	1.02	12057
70	149	11847	1.24	11996
71	143	11732	1.20	11875
72	137	11804	1.15	11941
73	130	11503	1.12	11633
74	119	11577	1.02	11696
75	127	11689	1.07	11816
76	106	11345	0.93	11451
77	106	11318	0.93	11424
78	106	11303	0.93	11409
79	103	11017	0.93	11120
80	93	11126	0.83	11219
81	90	10916	0.82	11006
82	105	10897	0.95	11002
83	104	10952	0.94	11056
84	68	10863	0.62	10931
85	99	10742	0.91	10841
86	84	10749	0.78	10833
87	102	10684	0.95	10786
88	79	10681	0.73	10760
89	79	10486	0.75	10565
90	89	10541	0.84	10630
91	82	10424	0.78	10506
92	82	10510	0.77	10592
93	94	10464	0.89	10558
94	76	10320	0.73	10396
95	78	10307	0.75	10385
96	74	10279	0.71	10353
97	62	10140	0.61	10202
98	67	10058	0.66	10125
99	73	10152	0.71	10225
100	55	10135	0.54	10190
101	67	9966	0.67	10033
102	66	10026	0.65	10092
103	63	9907	0.63	9970
104	50	10006	0.50	10056
105	57	9952	0.57	10009
106	57	9788	0.58	9845
107	55	9815	0.56	9870
108	63	9626	0.65	9689
109	62	9831	0.63	9893
110	48	9655	0.49	9703
111	51	9647	0.53	9698
112	52	9700	0.53	9752
113	42	9470	0.44	9512
114	54	9651	0.56	9705
115	55	9722	0.56	9777
116	55	9652	0.57	9707
117	68	9401	0.72	9469
118	52	9407	0.55	9459
119	50	9377	0.53	9427
120	51	9443	0.54	9494
121	50	9224	0.54	9274
122	42	9587	0.44	9629
123	60	9410	0.63	9470
124	49	9256	0.53	9305
125	35	9299	0.37	9334
126	53	9379	0.56	9432
127	42	9290	0.45	9332
128	48	9516	0.50	9564
129	34	9454	0.36	9488
130	40	9385	0.42	9425
131	61	9333	0.65	9394
132	42	9394	0.45	9436
133	36	9296	0.39	9332
134	55	9200	0.59	9255
135	46	9185	0.50	9231
136	44	9155	0.48	9199
137	30	9230	0.32	9260
138	35	9191	0.38	9226
139	41	9183	0.44	9224
140	37	9085	0.41	9122
141	40	9179	0.43	9219
142	46	9094	0.50	9140
143	47	9227	0.51	9274
144	44	9000	0.49	9044
145	43	9040	0.47	9083
146	124	8721	1.40	8845
147	146	8778	1.64	8924
148	117	8683	1.33	8800
149	256	8523	2.92	8779
150	289	8580	3.26	8869
151	377	8215	4.39	8592

